19950601
0
5.3
0
0
0
0.8
0.5
0
0
0
0
0
0
0
0
0
0
0
0
0
0
0
0.5
0
1.5
15.7
40.4
1.5
0
0
0
0
0
15.7
18.3
0
0
0
0
0
0
0
0
0
0
0
0
0
0
6.4
0
10.4
0
0
0
2.3
11.7
0
0
0
0
10.9
0.8
12.4
1.3
1
0
0
4.1
30.2
0
0
0
0
0
27.2
0
0
0
0
0
0
0
0
0
0
0
0
0.3
0
0
0
0
0
0.5
0
0
1.5
31.5
0
0
0
0
0.3
0
0
0
6.6
0
0
11.7
0.8
12.7
0
0
0.5
0.3
0
0
0
0
20.8
10.9
0
0
0
45.2
18.3
1.8
0
0
0
0
0
0
1
0
0
0
0
8.1
0.8
0.8
0
5.6
0
0
0
16.8
2.3
4.3
6.6
4.3
22.9
1.8
0
0
0
0.5
0
0
-99
46.5
3.8
0
0
0
0
0
0
0
0
0
0
0
0
0
0
0
14.2
0
0
0
0
0
0
0
1.3
0
0
5.8
0
0
0
0
1.5
0.8
0
0
0
0
0
0
0
0
0
0
0
0
0
0
0
4.1
1.5
0
0
0
0.8
0
0
0
0
0
0
7.6
0
0
0
0
0
8.6
18
0
0
0
0
3
0
0
6.1
1
0
1.3
0
0
0
0
0
0
0
0
0.8
0
0
0
0
0
0
0
2.5
0
0
1.8
0
0
0
0
0.5
0
0
0.5
8.1
0
0
0
0
0
0
3.6
5.1
0
0
0
0
0
0
0
0
0
-99
2
0
1.3
0
0
0
0
1.8
2
0
0
0
0
0
0.8
0
0
0
2.3
0
0.8
0
0
0
0
0
0.5
0
2.5
20.6
0
0
7.1
3
0
0
5.3
0
0
0.8
0
0
0
18.3
8.6
0
0.5
0
7.4
0.5
0
2
2.3
14.5
60.5
0
0
0
5.3
1
0.3
0
0
0
50.5
0
0
16
19.6
11.2
2.3
14.5
70.4
0
0
0
28.2
8.1
0
0
0
25.9
11.9
0.8
0.5
20.3
0
0
0
0
0
0.3
32.5
4.6
0
0
0.8
0
41.1
0
0
0
0
0
0
4.1
0
8.6
0
0
0
0
0
0
0
0
0
16.8
0
0.3
0
0
37.6
11.4
0
0
1.3
1.3
0
2.3
0
0
36.8
1
0
0
1.5
0
0
0
0
41.4
0
2.8
0
0
0
0
0
0
0
0
0
0
7.9
28.7
1.5
15.7
5.8
0
0
0
0.3
0
0
0
0
0
0
0
0
0
0
0
0
8.1
0
0
0
0
0
0
0
0
0
0
0
0.3
2.5
0
0.5
0
0.5
33.5
2.3
0
0.5
0
0
0
0
0
0
0
0.5
0
0
0
0
0
0
0
0
38.9
9.9
0
0
0
0
15.7
3.3
0
0
0.5
0
0
42.4
0.8
0
0
0
0
0
0
0.8
0
0.3
0
0
0
0
0
0
0
0
6.6
0
0
3.6
4.6
0
3.3
0.5
0
0
2.5
0
10.4
2.5
0
3.6
2.5
0
3.3
0
0
0
0
0
11.9
0
0
4.1
5.6
0
0
1.3
0.5
0
0
0
5.6
1
2.3
0.8
0.5
0
0
0
0
1
0
0
4.1
0
0
0
0
7.1
0.5
0
0
0
1
7.1
3.3
0
0
0.5
0
0.8
0.8
0
7.9
0
3
3.3
0
0
0
0
0
0
0
13.2
0
0
0
0.5
0.5
0
4.3
0
0
0.3
0
11.9
0
0
0
12.7
39.6
0
0
0
0
5.1
4.6
0
5.6
0
0
0
0
0
0
0
13.2
0
0
0
2.5
1.8
0
0
0
1
0
0
0
0
0
5.1
8.1
0
0
0.8
0
1.8
0
0
0
0
4.6
4.8
0.5
0
0
0
1
14.2
10.9
0
0
0
0
0
5.1
3
0
1.5
0
0
0.5
0
0
0
0
0
13.5
8.4
12.2
0
0
1
0
24.6
13
0
0
0.8
0
1
0.5
0
0
0
20.1
0
0
0
0
0
0
40.4
0
0
2.5
1.3
0
0
0
0
0
0
5.3
3.6
2
0
0
0
3.6
0
0
0
0
43.2
0
0
0
0
10.7
0
0
1.8
28.2
0
0
0
0
3
0
0
0
1
0
0
0
10.9
0
0
0
0
0
10.4
0
0
0
15
18.3
0
2
0
0
0
0
0
0.5
0
0
0
0
0
0
0
3
0
0
0
0
22.4
0
12.4
0
0
0
11.2
3.6
35.8
0
0.3
0.3
6.1
0
0
2
0
0
0
0
0
12.7
0.3
0
4.8
0
0
0.5
0
8.1
2.8
0
0
0
0
0
0
0
0
48.3
0
5.6
0
0
2.5
7.4
0
0
0
0
0.3
0
0
0
0
0
0
0
0
0
0
4.1
0
1.8
0
8.6
0
0
0
0
0
0
0
0
0
0.8
5.3
0
13.5
0
0
0
0
0
11.7
2
5.6
0
11.9
6.6
0
0
0.8
0
0
0
0
1
6.6
0
0
0
0
2
0
0
0.5
0
0
0
2
1.5
3.6
6.9
0
0
6.6
0
0
0
0
1.3
0
8.9
0
0
0
0
0
0
0
0
0
0
0
4.8
0
17
0
0
2.5
2
0
0
0